%%MatrixMarket matrix coordinate real general
10 564 1059                                       
1 1 4
1 2 1
1 3 1
1 4 1
1 5 3
1 6 1
1 7 1
1 8 1
1 9 1
1 10 1
1 11 1
1 12 4
1 13 5
1 14 1
1 15 1
1 16 8
1 17 1
1 18 7
1 19 2
1 20 5
1 21 4
1 22 1
1 23 4
1 24 1
1 25 2
1 26 3
1 27 1
1 28 1
1 29 1
1 30 1
1 31 4
1 32 2
1 33 4
1 34 4
1 35 6
1 36 3
1 37 120
1 38 4
1 39 4
1 40 4
1 41 3
1 42 1
1 43 1
1 44 2
1 45 1
1 46 1
1 47 4
1 48 2
1 49 1
1 50 1
1 51 4
1 52 1
1 53 2
1 54 1
1 55 1
1 56 1
1 57 9
1 58 1
1 59 2
1 60 8
1 61 1
1 62 1
1 63 1
1 64 4
1 65 2
1 66 1
1 67 1
1 68 7
1 69 2
1 70 1
1 71 1
1 72 1
1 73 5
2 2 1
2 3 2
2 13 2
2 14 1
2 16 3
2 17 1
2 19 6
2 20 1
2 21 6
2 22 1
2 33 3
2 34 6
2 35 7
2 36 7
2 38 1
2 41 8
2 43 1
2 51 2
2 57 15
2 58 1
2 60 3
2 65 2
2 68 1
2 72 36
2 73 7
2 74 6
2 75 11
2 76 1
2 77 1
2 78 1
2 79 1
2 80 1
2 81 1
2 82 2
2 83 2
2 84 1
2 85 1
2 86 1
2 87 1
2 88 1
2 89 2
2 90 6
2 91 1
2 92 1
2 93 2
2 94 1
2 95 1
2 96 2
2 97 1
2 98 1
2 99 1
2 100 1
2 101 1
2 102 1
2 103 3
2 104 1
2 105 6
2 106 1
2 107 1
2 108 1
2 109 1
2 110 2
2 111 1
2 112 26
2 113 1
2 114 1
2 115 2
2 116 1
2 117 3
2 118 2
2 119 6
2 120 1
2 121 1
2 122 1
2 123 1
2 124 1
2 125 1
2 126 1
2 127 1
2 128 2
2 129 1
2 130 1
2 131 1
2 132 5
2 133 7
2 134 1
2 135 3
2 136 1
2 137 1
2 138 1
2 139 1
2 140 7
2 141 1
2 142 6
2 143 5
2 144 1
2 145 2
2 146 2
3 2 3
3 3 1
3 5 1
3 7 1
3 13 3
3 16 4
3 17 1
3 18 2
3 21 6
3 23 7
3 29 1
3 31 1
3 33 9
3 34 6
3 35 6
3 38 1
3 39 1
3 40 1
3 41 2
3 47 1
3 49 4
3 51 7
3 56 2
3 57 19
3 58 1
3 60 4
3 64 1
3 65 2
3 70 1
3 72 10
3 73 16
3 75 11
3 77 4
3 82 1
3 96 3
3 103 18
3 108 1
3 115 1
3 117 1
3 119 1
3 132 25
3 133 8
3 134 4
3 135 1
3 143 7
3 145 1
3 147 1
3 148 1
3 149 1
3 150 1
3 151 5
3 152 1
3 153 1
3 154 1
3 155 1
3 156 1
3 157 1
3 158 1
3 159 1
3 160 2
3 161 1
3 162 1
3 163 1
3 164 1
3 165 1
3 166 1
3 167 1
3 168 1
3 169 1
3 170 6
3 171 6
3 172 1
3 173 1
3 174 2
3 175 8
3 176 1
3 177 8
3 178 4
3 179 14
3 180 8
3 181 1
3 182 1
3 183 2
3 184 1
3 185 1
3 186 2
3 187 8
3 188 2
3 189 2
3 190 1
3 191 2
3 192 8
3 193 1
3 194 6
3 195 1
3 196 1
3 197 1
3 198 1
3 199 1
3 200 1
3 201 8
3 202 1
3 203 1
3 204 1
3 205 2
3 206 1
3 207 1
3 208 1
3 209 9
3 210 1
3 211 1
3 212 1
3 213 1
3 214 1
3 215 1
3 216 1
3 217 8
3 218 1
3 219 9
3 220 1
3 221 1
3 222 1
3 223 1
3 224 8
3 225 1
3 226 1
3 227 1
3 228 1
3 229 2
3 230 9
3 231 1
3 232 3
3 233 1
3 234 8
3 235 1
4 7 1
4 9 2
4 13 3
4 16 3
4 17 1
4 20 1
4 21 6
4 22 1
4 23 1
4 34 6
4 35 10
4 36 17
4 38 1
4 40 1
4 41 6
4 42 1
4 43 1
4 47 3
4 48 4
4 51 1
4 53 3
4 56 1
4 57 11
4 60 3
4 65 2
4 70 10
4 72 9
4 73 1
4 75 8
4 77 2
4 81 1
4 96 3
4 103 3
4 110 1
4 115 1
4 119 4
4 132 1
4 133 4
4 134 2
4 143 1
4 146 1
4 149 9
4 155 2
4 163 1
4 172 1
4 185 1
4 188 2
4 191 3
4 204 1
4 213 1
4 226 7
4 227 2
4 230 1
4 231 2
4 234 3
4 236 4
4 237 5
4 238 1
4 239 13
4 240 1
4 241 2
4 242 1
4 243 1
4 244 1
4 245 1
4 246 1
4 247 1
4 248 1
4 249 1
4 250 1
4 251 1
4 252 1
4 253 3
4 254 3
4 255 1
4 256 1
4 257 1
4 258 1
4 259 1
4 260 3
4 261 1
4 262 1
4 263 1
4 264 1
4 265 1
4 266 2
4 267 3
4 268 2
4 269 1
4 270 1
4 271 1
4 272 4
4 273 1
4 274 1
4 275 1
4 276 4
4 277 1
4 278 1
4 279 1
4 280 1
4 281 4
4 282 1
4 283 3
4 284 2
4 285 1
4 286 2
4 287 3
4 288 2
4 289 2
4 290 12
4 291 1
4 292 1
4 293 1
4 294 1
4 295 1
4 296 1
5 2 3
5 4 1
5 5 2
5 7 1
5 9 1
5 13 3
5 17 1
5 18 1
5 20 3
5 22 1
5 23 3
5 24 2
5 27 2
5 33 4
5 36 7
5 39 1
5 40 1
5 41 1
5 53 3
5 57 17
5 58 1
5 65 2
5 72 3
5 75 1
5 82 3
5 99 1
5 103 6
5 115 7
5 117 1
5 125 1
5 132 1
5 133 6
5 134 11
5 143 4
5 149 1
5 151 5
5 164 3
5 178 1
5 185 4
5 186 2
5 188 1
5 191 3
5 201 1
5 204 1
5 212 1
5 214 4
5 223 3
5 226 1
5 228 1
5 229 3
5 231 6
5 234 5
5 253 1
5 265 1
5 272 1
5 284 1
5 288 2
5 297 3
5 298 1
5 299 1
5 300 1
5 301 3
5 302 1
5 303 1
5 304 1
5 305 3
5 306 1
5 307 4
5 308 1
5 309 6
5 310 1
5 311 1
5 312 2
5 313 1
5 314 1
5 315 2
5 316 1
5 317 1
5 318 1
5 319 1
5 320 1
5 321 2
5 322 1
5 323 1
5 324 1
5 325 1
5 326 1
5 327 1
5 328 1
5 329 3
5 330 3
5 331 3
5 332 1
5 333 3
5 334 1
5 335 2
5 336 1
5 337 1
5 338 3
5 339 1
5 340 2
5 341 3
5 342 1
5 343 3
5 344 1
5 345 2
5 346 1
5 347 1
5 348 6
5 349 1
5 350 1
5 351 3
5 352 1
5 353 3
6 2 9
6 4 2
6 5 2
6 7 1
6 10 2
6 12 18
6 13 4
6 17 1
6 18 4
6 23 10
6 24 3
6 26 1
6 29 1
6 33 20
6 35 13
6 36 7
6 39 3
6 41 19
6 42 1
6 43 1
6 44 1
6 47 1
6 48 1
6 49 1
6 51 1
6 56 5
6 57 26
6 65 2
6 67 1
6 68 8
6 72 21
6 73 8
6 75 25
6 77 1
6 80 3
6 81 1
6 82 1
6 90 1
6 96 1
6 99 1
6 100 1
6 103 3
6 108 1
6 110 1
6 115 9
6 117 3
6 119 6
6 125 1
6 132 4
6 134 8
6 141 4
6 143 23
6 168 1
6 171 3
6 178 1
6 183 1
6 185 1
6 189 1
6 192 1
6 193 1
6 195 1
6 224 1
6 226 2
6 230 3
6 231 2
6 234 5
6 249 1
6 250 1
6 274 3
6 276 1
6 284 2
6 288 2
6 293 2
6 300 1
6 312 3
6 317 1
6 319 4
6 330 1
6 345 3
6 350 2
6 353 4
6 354 1
6 355 2
6 356 2
6 357 5
6 358 3
6 359 1
6 360 2
6 361 1
6 362 3
6 363 5
6 364 1
6 365 1
6 366 2
6 367 1
6 368 1
6 369 2
6 370 1
6 371 3
6 372 1
6 373 1
6 374 2
6 375 1
6 376 1
6 377 1
6 378 1
6 379 1
6 380 2
6 381 1
6 382 2
6 383 1
6 384 1
6 385 2
6 386 1
6 387 1
6 388 3
6 389 4
6 390 2
6 391 2
6 392 1
6 393 1
6 394 1
6 395 1
6 396 1
6 397 3
6 398 2
6 399 2
6 400 2
6 401 3
6 402 1
6 403 1
6 404 6
6 405 4
6 406 1
6 407 1
6 408 1
6 409 3
6 410 1
6 411 1
6 412 1
6 413 3
6 414 1
6 415 1
6 416 1
6 417 2
6 418 1
6 419 2
6 420 1
6 421 1
6 422 1
6 423 1
6 424 2
6 425 1
6 426 1
6 427 1
6 428 1
6 429 5
6 430 2
6 431 1
6 432 1
6 433 1
6 434 2
6 435 2
6 436 2
6 437 2
7 2 3
7 5 1
7 7 1
7 13 6
7 17 1
7 18 1
7 22 1
7 23 5
7 26 1
7 29 1
7 35 5
7 39 15
7 40 1
7 47 1
7 49 1
7 56 2
7 57 10
7 63 1
7 65 2
7 68 1
7 72 15
7 73 3
7 75 3
7 77 1
7 78 1
7 90 1
7 96 1
7 99 1
7 102 1
7 108 1
7 110 1
7 114 1
7 115 1
7 132 2
7 133 3
7 134 6
7 141 1
7 143 1
7 149 1
7 160 1
7 163 4
7 172 1
7 182 1
7 183 2
7 193 2
7 198 1
7 205 3
7 212 1
7 226 2
7 232 1
7 234 1
7 236 1
7 243 1
7 261 1
7 262 2
7 268 3
7 274 1
7 284 2
7 290 2
7 298 1
7 301 1
7 304 1
7 316 1
7 321 1
7 347 1
7 357 1
7 386 1
7 395 1
7 405 1
7 422 1
7 438 1
7 439 2
7 440 2
7 441 1
7 442 1
7 443 1
7 444 1
7 445 1
7 446 1
7 447 1
7 448 1
7 449 1
7 450 1
7 451 1
7 452 1
7 453 1
7 454 1
7 455 18
7 456 1
7 457 2
7 458 3
7 459 1
7 460 1
7 461 1
7 462 1
7 463 1
7 464 1
7 465 1
7 466 1
7 467 1
7 468 1
7 469 1
7 470 2
7 471 2
7 472 1
7 473 1
8 7 1
8 12 2
8 13 5
8 17 1
8 24 2
8 26 1
8 33 1
8 35 2
8 41 5
8 47 3
8 51 11
8 56 4
8 57 11
8 58 5
8 65 2
8 72 22
8 75 15
8 77 8
8 80 4
8 82 5
8 94 3
8 96 3
8 100 1
8 102 7
8 103 1
8 110 4
8 117 1
8 132 2
8 133 1
8 134 4
8 135 2
8 143 4
8 149 3
8 160 1
8 164 1
8 185 1
8 192 1
8 207 1
8 226 3
8 227 1
8 232 2
8 234 2
8 249 1
8 281 5
8 290 5
8 301 5
8 312 1
8 347 2
8 389 4
8 458 2
8 471 4
8 474 1
8 475 2
8 476 4
8 477 1
8 478 1
8 479 1
8 480 1
8 481 1
8 482 1
8 483 10
8 484 1
8 485 2
8 486 1
8 487 1
8 488 1
8 489 11
8 490 1
8 491 1
8 492 1
8 493 1
8 494 1
8 495 4
8 496 1
8 497 1
8 498 1
8 499 1
8 500 7
9 2 11
9 3 1
9 4 4
9 5 1
9 7 1
9 13 3
9 17 1
9 20 12
9 24 1
9 35 8
9 36 2
9 48 3
9 57 21
9 58 3
9 65 2
9 72 7
9 75 10
9 77 10
9 82 1
9 102 3
9 103 1
9 115 19
9 117 4
9 119 1
9 134 1
9 143 1
9 151 1
9 163 1
9 168 5
9 172 1
9 183 2
9 185 1
9 188 1
9 205 1
9 212 1
9 226 11
9 249 2
9 250 1
9 274 1
9 276 4
9 345 1
9 348 1
9 353 3
9 379 3
9 384 5
9 405 3
9 419 3
9 441 1
9 452 3
9 466 3
9 501 1
9 502 1
9 503 12
9 504 1
9 505 2
9 506 10
9 507 1
9 508 2
9 509 1
9 510 2
9 511 1
9 512 1
9 513 1
9 514 2
9 515 3
9 516 3
9 517 1
9 518 1
9 519 8
9 520 2
10 2 6
10 7 1
10 10 5
10 13 3
10 17 1
10 25 1
10 33 10
10 35 10
10 39 5
10 41 1
10 51 6
10 57 14
10 58 2
10 65 2
10 68 1
10 70 2
10 71 1
10 72 13
10 73 9
10 75 3
10 78 10
10 82 1
10 102 1
10 103 4
10 115 2
10 117 7
10 119 5
10 123 1
10 134 2
10 151 5
10 163 6
10 166 5
10 168 5
10 171 1
10 183 1
10 186 2
10 192 5
10 197 5
10 205 1
10 226 2
10 262 1
10 268 6
10 274 3
10 288 2
10 290 1
10 298 1
10 317 1
10 357 2
10 364 1
10 384 4
10 397 2
10 404 1
10 405 5
10 424 1
10 427 1
10 428 21
10 486 1
10 489 5
10 497 5
10 517 1
10 521 1
10 522 1
10 523 1
10 524 5
10 525 1
10 526 1
10 527 1
10 528 2
10 529 1
10 530 1
10 531 5
10 532 1
10 533 1
10 534 1
10 535 1
10 536 1
10 537 1
10 538 1
10 539 1
10 540 1
10 541 5
10 542 1
10 543 5
10 544 1
10 545 1
10 546 1
10 547 1
10 548 1
10 549 1
10 550 5
10 551 1
10 552 5
10 553 1
10 554 5
10 555 1
10 556 1
10 557 5
10 558 1
10 559 5
10 560 1
10 561 1
10 562 5
10 563 1
10 564 1
